+-----------+-----------------------------------------------------------------------+-----------+
| id        | child                                                                 | parent    |
+-----------+-----------------------------------------------------------------------+-----------+
| 123467809 | 235767893,256894310,248910342,219871267,234670981,248750971           |         0 |
| 235767893 | 373216311,321134613,343163211,363763131,354321912,342678920           | 123467809 |
| 256894310 | 387632105,356723014,376230541,365832015,397684123,376321421,386723015 | 123467809 |
| 248910342 | 393123467,342353610,389878680,376757470,367943521                     | 123467809 |
| 219871267 | 346454513,324262721,367652320,305034135,314352154                     | 123467809 |
| 234670981 | 367652103,356515254,362215346,371676543,336225644                     | 123467809 |
| 248750971 | 365672543,321072563,317345721,371430756,363441864                     | 123467809 |
| 373216311 | 435462519,421052196,435216591,444321612,476757271                     | 123467809 |
| 321134613 | 411605213,421606212,433175432,434152102,421351023                     | 123467809 |
| 343163211 | 421605213,431606212,432175432,444152102,421361023                     | 123467809 |
| 363763131 | 413678991,423687199,468712391,499178692,436178199                     | 123467809 |
| 354321912 | 428936789,438963879,448698397,484963879,432976871                     | 123467809 |
| 342678920 | 432441456,412341564,421143465,411234564,446564321                     | 123467809 |
| 387632105 | 426756859,436657958,416756589,436657985,406756176                     | 123467809 |
| 356723014 | 436758859,411178171,423871711,443681891,453482789                     | 123467809 |
| 376230541 | 451452451,443432281,471896789,443442441,469789320                     | 123467809 |
| 393123467 | 456761321,476564123,481465321,491564123,416112321                     | 123467809 |
| 342353610 | 414512613,442215316,416328721,456328127,465318720                     | 123467809 |
| 389878680 | 413419317,424319713,456789101,456879201                               | 123467809 |
| 376757470 | 411432489,423432489,417612584,428216485,443485612                     | 123467809 |
| 367943521 | 423422541,432432145,414423541,413421646                               | 123467809 |
| 346454513 | 408221334,4091221434,489121535,423441656                              | 123467809 |
| 324262721 | 443322189,453212981,433221561,411231651                               | 123467809 |
| 367652320 | 455113321,466778890,478678981,443321891,451234352                     | 123467809 |
| 305034135 | 463434353,434333656,414234566,424342655                               | 123467809 |
| 314352154 | 476768791,456186132,461786911,456681123,411321623                     | 123467809 |
| 367652103 | 421422423,412421432,402412423,420421423                               | 123467809 |
| 356515254 | 401809911,408109123,407901723,408117231,412123132                     | 123467809 |
| 362215346 | 414231269,415321692,414621721,415631731,423630730                     | 123467809 |
| 371676543 | 443216789,432076198,441067891,451276198,412756891                     | 123467809 |
| 336225644 | 443243461,405243164,416424461,434034617,464165610                     | 123467809 |
| 365672543 | 446789321,416798123,423871712,401680903,456756013                     | 123467809 |
| 321072563 | 443321769,434231967,420112769,431436969                               | 123467809 |
| 317345721 | 453652116,463153221,443366002,432165167,451167167                     | 123467809 |
| 371430756 | 465192193,493492492,492465193,493564391,473461465                     | 123467809 |
| 363441864 | 443165621,414561216,410073620,432169210                               | 123467809 |
| 435462519 | 567891234,558721349                                                   | 123467809 |
| 421052196 | 567686796,511231996,523139126                                         | 123467809 |
| 444321612 | 515467689,589568691                                                   | 123467809 |
| 476757271 | 581569789,567596897,566586791                                         | 123467809 |
| 411605213 | 565789623,515689236                                                   | 123467809 |
| 421606212 | 512132561,523146566                                                   | 123467809 |
| 421351023 | 546748849,556847848,565748701                                         | 123467809 |
+-----------+-----------------------------------------------------------------------+-----------+


+------+-----------------+
| node | location        |
+------+-----------------+
|    0 | Srinagar colony |
|    1 | SR nagar        |
|    2 | KPHB            |
|    3 | Kukatpally      |
|    4 | Mumbai          |
|    5 | Delhi           |
|    6 | LB nagar        |
+------+-----------------+


